# model name run652
# which line wavelengths (Angstroms) correspond to which upper and lower levels
upper lower wavelength
1 0      1215.34
2 0      1025.44
2 1      6562.84
3 0       972.27
3 1      4861.35
3 2     18750.80
4 0       949.48
4 1      4340.50
4 2     12818.03
4 3     40511.99
5 0       937.55
5 1      4101.78
5 2     10938.08
5 3     26251.75
5 4     74578.75
6 0       930.49
6 1      3970.11
6 2     10049.32
6 3     21655.25
6 4     46524.36
6 5    123678.61
7 0       925.97
7 1      3889.09
7 2      9545.95
7 3     19445.64
7 4     37395.27
7 5     75003.53
7 6    190576.66
8 0       922.90
8 1      3835.43
8 2      9229.02
8 3     18174.28
8 4     32961.14
8 5     59066.35
8 6    113062.83
8 7    277977.96
9 0       920.71
9 1      3797.94
9 2      9014.90
9 3     17362.18
9 4     30383.68
9 5     51272.17
9 6     87578.84
9 7    162046.95
9 8    388554.18
10 0       919.10
10 1      3770.67
10 2      8862.78
10 3     16806.61
10 4     28722.13
10 5     46712.13
10 6     75062.44
10 7    123838.87
10 8    223333.86
10 9    525221.75
11 0       917.88
11 1      3750.20
11 2      8750.47
11 3     16407.27
11 4     27575.16
11 5     43752.42
11 6     67702.94
11 7    105007.01
11 8    168754.54
11 9    298318.43
11 10    690529.03
12 0       916.93
12 1      3734.41
12 2      8665.01
12 3     16109.37
12 4     26743.96
12 5     41696.25
12 6     62902.97
12 7     93894.35
12 8    141786.44
12 9    223253.30
12 10    388310.40
12 11    887237.18
13 0       916.18
13 1      3721.98
13 2      8598.34
13 3     15880.48
13 4     26118.97
13 5     40196.63
13 6     59551.33
13 7     86617.56
13 8    125824.21
13 9    186082.77
13 10    288184.86
13 11    494601.47
13 12   1117648.76
14 0       915.57
14 1      3712.01
14 2      8545.35
14 3     15700.65
14 4     25636.04
14 5     39064.11
14 6     57098.90
14 7     81524.58
14 8    115355.79
14 9    164063.84
14 10    238593.41
14 11    364555.63
14 12    618822.90
14 13   1386509.22
15 0       915.08
15 1      3703.89
15 2      8502.45
15 3     15556.42
15 4     25253.73
15 5     38183.30
15 6     55236.45
15 7     77780.13
15 8    107998.98
15 9    149572.90
15 10    209128.67
15 11    299977.78
15 12    453209.34
15 13    762340.16
15 14   1693438.10
16 0       914.67
16 1      3697.20
16 2      8467.25
16 3     15438.98
16 4     24945.71
16 5     37483.49
16 6     53783.85
16 7     74930.46
16 8    102581.98
16 9    139379.49
16 10    189728.15
16 11    261606.57
16 12    370996.99
16 13    555338.29
16 14    926381.85
16 15   2045182.91
17 0       914.33
17 1      3691.60
17 2      8437.96
17 3     15341.90
17 4     24693.24
17 5     36916.34
17 6     52623.82
17 7     72697.84
17 8     98443.03
17 9    131847.56
17 10    176039.03
17 11    236272.93
17 12    322030.16
17 13    452373.30
17 14    671443.79
17 15   1112578.10
17 16   2439860.60
18 0       914.04
18 1      3686.87
18 2      8413.28
18 3     15260.50
18 4     24483.03
18 5     36448.51
18 6     51678.27
18 7     70905.60
18 8     95185.05
18 9    126068.30
18 10    165885.61
18 11    218336.54
18 12    289603.99
18 13    390891.35
18 14    544359.92
18 15    802242.91
18 16   1320042.39
18 17   2876109.19
19 0       913.79
19 1      3682.85
19 2      8392.38
19 3     15191.86
19 4     24306.85
19 5     36059.39
19 6     50899.50
19 7     69447.70
19 8     92576.16
19 9    121532.18
19 10    158119.87
19 11    205079.80
19 12    266733.79
19 13    350346.04
19 14    468804.55
19 15    648268.61
19 16    949111.83
19 17   1553380.83
19 18   3377634.46
24 22     10833.14
25 21       584.34
25 23     21590.00
26 24      7067.33
27 25      7283.37
28 22      3889.75
28 26     42890.00
29 24      5877.30
29 28    188300.00
30 25      6680.01
31 21       537.03
31 23      5017.09
31 27     77810.00
31 30    897900.00
32 24      4714.55
32 28     21150.00
33 25      5049.15
33 31     21050.00
34 22      3188.67
34 26     12530.93
34 32    108600.00
34 29     19548.54
35 24      4472.76
35 28     17007.16
35 34    444500.00
36 25      4923.31
36 31     19094.60
37 21       522.21
37 23      3965.86
37 27     15087.80
37 33    189500.00
37 30     18560.67
37 36   2031000.00
38 24      4122.05
38 28     12849.65
38 34     47000.00
39 25      4438.81
39 31     13415.38
39 37     45840.00
40 22      2945.97
40 26      9466.19
40 32     28550.00
40 38    220000.00
40 29     12988.48
40 35     42420.00
41 24      4027.35
41 28     11972.41
41 34     37070.00
41 40    868100.00
42 25      4389.17
42 31     12972.00
42 37     41280.00
43 21       515.62
43 23      3614.68
43 27     11016.11
43 33     33600.00
43 39    374800.00
43 30     12759.20
43 36     40040.00
43 42   3888000.00
44 24      3872.00
44 28     10680.00
44 34     26910.00
44 40     88160.00
45 25      4173.00
45 31     11230.00
45 37     27570.00
45 43     84850.00
46 22      2831.00
46 26      8365.00
46 32     20430.00
46 38     54170.00
46 44    388900.00
46 29     11000.00
46 35     26670.00
46 41     78350.00
47 25      4149.00
47 31     11060.00
47 37     26560.00
47 43     75950.00
48 24      3824.00
48 28     10320.00
48 34     24750.00
48 40     68580.00
48 46   1501000.00
49 21       518.10
49 23      3478.00
49 27      9667.00
49 33     23210.00
49 39     62560.00
49 45    652700.00
49 30     10900.00
49 36     26110.00
49 42     73670.00
49 47   6643000.00
50 24      3737.00
50 28      9711.00
50 34     21510.00
50 40     48390.00
50 46    148200.00
51 25      4028.00
51 31     10240.00
51 37     22280.00
51 43     49030.00
51 49    141300.00
52 22      2766.00
52 26      7819.00
52 32     17460.00
52 38     37310.00
52 44     91620.00
52 50    627200.00
52 29     10070.00
52 35     21820.00
52 41     47380.00
52 48    130300.00
53 25      4014.00
53 31     10150.00
53 37     21860.00
53 43     47040.00
53 49    125900.00
54 24      3705.01
54 28      9525.00
54 34     20620.00
54 40     44100.00
54 46    114100.00
54 52   2387000.00
55 21       515.90
55 23      3384.00
55 27      8970.00
55 33     19560.00
55 39     41630.00
55 45    104500.00
55 51   1042000.00
55 30     10030.00
55 36     21580.00
55 42     46270.00
55 47    122100.00
55 53  10480000.00
56 24      3656.00
56 28      9182.00
56 34     19080.00
56 40     37600.00
56 46     78870.00
56 52    230600.00
57 25      3940.00
57 31      9689.00
57 37     19830.00
57 43     38560.00
57 49     79250.00
57 55    218300.00
58 22      2725.00
58 26      7503.00
58 32     15950.00
58 38     31060.00
58 44     61320.00
58 50    143100.00
58 56    947200.00
58 29      9555.00
58 35     19520.00
58 41     37740.00
58 48     76520.00
58 54    201100.00
59 24      3638.00
59 28      9071.00
59 34     18600.00
59 40     35800.00
59 46     71350.00
59 52    176300.00
59 58   3566000.00
60 25      3931.00
60 31      9635.00
60 37     19610.00
60 43     37720.00
60 49     75790.00
60 55    193900.00
61 21       514.60
61 23      3325.00
61 27      8569.00
61 33     17750.00
61 39     34190.00
61 45     67610.00
61 51    161800.00
61 57   1561000.00
61 30      9527.00
61 36     19400.00
61 42     37270.00
61 47     74570.00
61 53    188100.00
61 60  15580000.00
62 24      3603.00
62 28      8856.00
62 34     17720.00
62 40     32680.00
62 46     59930.00
62 52    119900.00
62 58    339000.00
63 25      3882.00
63 31      9347.00
63 37     18450.00
63 43     33660.00
63 49     61000.00
63 55    119700.00
63 61    319200.00
64 22      2698.00
64 26      7301.00
64 32     15070.00
64 38     27870.00
64 44     50020.00
64 50     93700.00
64 56    210900.00
64 62   1360000.00
64 29      9230.00
64 35     18210.00
64 41     33130.00
64 48     59690.00
64 54    115500.00
64 59    293700.00
65 25      3876.00
65 31      9312.00
65 37     18320.00
65 43     33210.00
65 49     59540.00
65 55    114200.00
65 61    282800.00
66 24      3591.00
66 28      8784.00
66 34     17430.00
66 40     31710.00
66 46     56760.00
66 52    107800.00
66 58    257600.00
66 64   5083000.00
67 21       513.60
67 23      3286.00
67 27      8313.00
67 33     16690.00
67 39     30460.00
67 45     54430.00
67 51    102400.00
67 57    236800.00
67 63   2229000.00
67 30      9212.00
67 36     18140.00
67 42     32880.00
67 47     58850.00
67 53    112400.00
67 60    274300.00
67 65  22120000.00
68 24      3567.00
68 28      8640.00
68 34     16880.00
68 40     29910.00
68 46     51240.00
68 52     89490.00
68 58    172900.00
68 64    476800.00
69 25      3842.00
69 31      9118.00
69 37     17580.00
69 43     30870.00
69 49     52420.00
69 55     90580.00
69 61    171900.00
69 67    447000.00
70 22      2679.00
70 26      7164.00
70 32     14490.00
70 38     25970.00
70 44     44210.00
70 50     75180.00
70 56    135700.00
70 62    297200.00
70 68   1879000.00
70 29      9012.00
70 35     17380.00
70 41     30480.00
70 48     51590.00
70 54     88590.00
70 59    165700.00
70 66    411100.00
71 24      3558.00
71 28      8589.00
71 34     16690.00
71 40     29320.00
71 46     49520.00
71 52     84390.00
71 58    154800.00
71 64    360700.00
71 70   6978000.00
72 25      3838.00
72 31      9094.00
72 37     17490.00
72 43     30590.00
72 49     51620.00
72 55     88240.00
72 61    163600.00
72 67    395200.00
73 21       512.90
73 23      3258.00
73 27      8140.00
73 33     16000.00
73 39     28260.00
73 45     47760.00
73 51     81130.00
73 57    147400.00
73 63    332000.00
73 69   3065000.00
73 30      9000.00
73 36     17330.00
73 42     30320.00
73 47     51140.00
73 53     87250.00
73 60    161100.00
73 65    383400.00
73 72  30210000.00
75 74       303.67
76 74       256.22
76 75      1639.83
77 74       242.94
77 75      1214.69
77 76      4685.21
78 74       237.24
78 75      1084.55
78 76      3202.80
78 77     10122.57
79 74       234.26
79 75      1024.90
79 76      2733.06
79 77      6559.44
79 78     18634.85
80 74       232.50
80 75       992.00
80 76      2510.99
80 77      5410.93
80 78     11624.93
80 79     30903.18
81 74       231.37
81 75       971.75
81 76      2385.22
81 77      4858.82
81 78      9343.84
81 79     18740.83
81 80     47618.33
82 74       230.60
82 75       958.35
82 76      2306.02
82 77      4541.14
82 78      8235.88
82 79     14758.61
82 80     28250.22
82 81     69455.87
83 74       230.05
83 75       948.98
83 76      2252.52
83 77      4338.22
83 78      7591.86
83 79     12811.12
83 80     21882.77
83 81     40489.52
83 82     97086.30
